{
    "mtx": {
        "type_id": "opencv-matrix",
        "rows": 3,
        "cols": 3,
        "dt": "d",
        "data": [ 1.1407993251909963e+03, 0.0, 6.5684847929400451e+02,
            0.0, 1.1371557679695684e+03, 4.0143076840621404e+02, 0.0,
            0.0, 1.0 ]
    },
    "dist": {
        "type_id": "opencv-matrix",
        "rows": 1,
        "cols": 5,
        "dt": "d",
        "data": [ 2.4268081247160414e-02, -2.6174092207469712e-01,
            3.3064979345688141e-03, -2.8396349946852549e-03,
            5.0163099523192789e-01 ]
    },
    "persp": {
        "type_id": "opencv-matrix",
        "rows": 3,
        "cols": 3,
        "dt": "d",
        "data": [ -7.2141517292629187e-01, -1.5279091230530444e+00,
            1.0985666594751383e+03, 1.8402545674362307e-15,
            -1.9282435291226963e+00, 8.6770958810521233e+02,
            2.2295777377582802e-18, -2.3941796563648056e-03, 1.0 ]
    },
    "persp_inv": {
        "type_id": "opencv-matrix",
        "rows": 3,
        "cols": 3,
        "dt": "d",
        "data": [ 1.0726256983240219e-01, -7.9238389756101357e-01,
            5.6972402234636877e+02, 0.0, -5.1860669303268814e-01, 450.0,
            0.0, -1.2416375941134879e-03, 1.0 ]
    }
}
