{
    "mtx": {
        "type_id": "opencv-matrix",
        "rows": 3,
        "cols": 3,
        "dt": "d",
        "data": [ 1.1407993251909963e+03, 0.0, 6.5684847929400451e+02,
            0.0, 1.1371557679695684e+03, 4.0143076840621404e+02, 0.0,
            0.0, 1.0 ]
    },
    "dist": {
        "type_id": "opencv-matrix",
        "rows": 1,
        "cols": 5,
        "dt": "d",
        "data": [ 2.4268081247160414e-02, -2.6174092207469712e-01,
            3.3064979345688141e-03, -2.8396349946852549e-03,
            5.0163099523192789e-01 ]
    },
    "persp": {
        "type_id": "opencv-matrix",
        "rows": 3,
        "cols": 3,
        "dt": "d",
        "data": [ -6.3433481831809668e-01, -1.5298334142685213e+00,
            1.0433463885311317e+03, -2.1695961397254967e-16,
            -1.9658910964254792e+00, 8.8465099339146570e+02, 0.0,
            -2.3963853641027805e-03, 1.0 ]
    }
}
